0
2
3
6
7
9
11
12
13
14
15
16
17
19
20
22
23
24
25
26
28
29
30
32
34
35
36
38
39
40
41
43
44
46
47
48
51
52
53
54
55
56
57
58
60
61
62
63
64
65
67
68
69
74
75
76
80
81
84
85
86
87
89
90
91
92
93
95
97
98
101
103
105
106
110
112
113
115
116
119
122
123
125
126
128
129
132
133
137
139
140
142
144
146
147
149
150
154
156
157
159
160
161
162
163
164
165
170
173
174
175
176
177
178
182
183
188
191
193
196
201
203
208
209
212
213
214
217
219
222
226
228
230
232
233
234
237
238
239
240
241
242
243
244
245
249
250
251
255
256
258
259
260
261
262
264
265
266
267
269
272
276
277
278
279
280
281
282
283
285
286
287
288
289
292
293
294
295
296
297
299
300
301
302
303
307
308
309
310
311
312
313
314
318
320
321
322
324
327
328
329
331
332
333
334
336
337
338
340
342
343
345
347
348
349
350
351
352
355
356
359
360
363
367
368
370
371
373
374
375
376
377
378
379
382
383
386
388
390
391
393
394
395
396
402
406
407
408
409
412
413
414
416
417
419
420
421
423
424
426
428
429
430
431
432
433
435
437
438
439
441
443
444
445
448
449
453
454
455
456
458
459
460
461
462
463
464
465
466
467
469
470
471
472
473
475
478
479
480
481
482
483
486
487
488
489
491
492
494
496
497
499
500
502
503
504
505
506
507
509
510
513
514
515
516
517
518
519
520
521
522
523
524
525
526
527
531
533
536
540
542
543
544
545
546
547
549
550
552
553
555
558
559
560
561
562
563
565
566
567
570
571
573
574
577
578
579
580
581
582
584
585
586
587
588
589
592
598
601
606
608
609
610
612
613
614
615
616
618
619
620
621
622
623
626
627
628
629
631
632
634
635
636
637
638
639
640
644
646
647
651
653
654
655
656
657
658
662
664
665
666
667
668
669
